Allow Places
Threshold	F1	F10	F11	F12	F13	F14	F15	F16	F17	F18	F19	F2	F20	F21	F22	F23	F24	F3	F4	F5	F6	F7	F8	F9	M1	M10	M11	M12	M13	M14	M15	M16	M17	M18	M19	M2	M20	M21	M22	M23	M24	M3	M4	M5	M6	M7	M8	M9
0	232	284	214	390	240	264	452	310	362	494	390	380	392	196	402	294	418	230	304	330	190	406	322	256	232	168	456	188	228	206	242	292	454	414	164	390	148	218	218	90	250	214	262	64	236	274	184	152
1	368	386	386	722	344	410	676	466	466	788	538	532	582	370	564	398	646	346	482	544	300	626	458	400	554	464	806	432	448	426	476	680	674	754	408	686	324	426	510	200	498	470	510	190	504	540	450	414
2	392	398	412	772	366	430	718	502	472	822	566	558	612	400	592	420	682	370	510	576	322	654	474	434	636	572	846	518	486	498	534	754	706	806	508	714	406	486	600	242	572	554	590	272	566	584	528	532
3	406	410	426	786	370	442	732	512	488	830	572	566	618	416	600	428	686	374	524	592	338	672	484	446	658	602	856	542	496	514	554	780	716	818	544	728	446	524	622	266	588	594	612	316	584	592	554	568
4	410	414	434	796	382	446	748	518	492	834	576	570	626	418	608	436	694	388	528	596	350	674	494	454	676	624	864	562	498	528	572	788	720	824	564	734	466	532	630	276	600	610	630	342	606	602	566	578
5	414	422	438	800	388	448	756	528	500	838	580	572	636	430	612	438	708	390	538	596	354	684	500	464	690	626	870	578	514	536	578	796	724	826	572	742	492	546	644	278	612	622	648	374	616	604	576	594
6	416	426	446	808	392	452	762	532	504	844	584	574	644	442	620	438	708	392	552	598	366	690	504	468	700	640	874	588	518	544	586	802	740	838	580	754	498	562	654	282	626	626	658	390	626	612	584	608
7	418	432	452	812	398	458	766	538	512	846	594	578	648	458	622	444	714	406	560	608	372	696	510	476	714	650	882	592	532	550	594	820	746	846	600	764	522	570	676	288	632	636	668	402	636	620	590	628
8	420	434	466	816	404	462	774	554	520	862	600	580	654	464	624	450	722	412	566	612	376	702	516	480	726	656	884	598	538	554	608	834	754	862	620	770	538	580	686	294	646	650	674	408	642	626	596	640
9	424	442	470	826	410	468	782	566	524	868	610	590	658	480	634	454	728	416	570	620	384	710	520	490	734	662	892	606	538	568	610	850	764	870	632	778	552	598	706	306	654	670	688	420	648	632	606	648
10	430	448	480	832	418	470	782	574	544	878	614	590	660	492	648	456	740	422	576	632	394	716	530	508	744	670	904	614	540	580	622	866	764	872	652	786	570	606	712	314	660	678	698	434	652	640	614	658
15	506	508	538	878	492	514	846	654	618	908	696	670	722	540	714	506	776	480	634	694	458	758	590	578	808	732	944	676	572	616	666	914	798	910	718	816	642	644	778	356	706	736	766	476	704	670	660	708
20	556	554	610	942	570	574	888	714	692	982	734	724	770	596	766	560	818	498	694	746	534	810	646	652	870	792	1006	734	614	660	718	958	858	982	782	892	732	714	854	408	748	810	834	522	746	700	716	790
25	634	698	664	998	656	642	946	778	820	1070	808	812	828	652	870	706	886	596	762	818	596	864	740	692	920	836	1058	790	666	720	764	1018	910	1058	840	984	798	788	928	464	814	862	920	578	806	748	780	856
30	722	808	760	1062	802	750	1130	1010	950	1180	978	984	932	728	980	782	976	718	872	938	684	952	880	846	994	890	1116	850	714	780	830	1094	982	1112	894	1074	848	862	1034	510	876	914	978	672	858	788	860	960
35	810	900	900	1176	898	856	1302	1134	1046	1316	1058	1048	1038	824	1064	840	1062	782	992	1058	802	1078	952	950	1068	974	1214	908	778	832	898	1156	1088	1226	986	1210	942	932	1114	548	922	1006	1052	740	894	852	960	1048
40	876	1028	1034	1272	1014	940	1386	1232	1184	1408	1196	1162	1128	920	1172	954	1132	882	1112	1166	904	1164	1018	1062	1138	1046	1344	1012	872	894	986	1216	1188	1326	1050	1318	1018	1056	1176	614	994	1068	1142	828	984	942	1030	1114
45	940	1106	1120	1348	1116	1086	1508	1380	1276	1492	1300	1256	1228	1026	1264	1008	1238	986	1178	1276	1012	1280	1134	1186	1242	1122	1410	1098	984	1002	1094	1292	1278	1426	1120	1432	1080	1156	1284	758	1096	1132	1266	914	1088	1048	1098	1228
50	1020	1176	1234	1456	1194	1176	1598	1450	1378	1580	1368	1338	1306	1108	1334	1086	1308	1052	1256	1394	1102	1358	1194	1308	1310	1192	1506	1170	1056	1086	1174	1368	1338	1526	1190	1516	1164	1264	1368	848	1164	1180	1360	986	1148	1098	1154	1294
60	1114	1300	1410	1616	1338	1332	1748	1634	1502	1746	1502	1468	1424	1268	1464	1182	1436	1164	1406	1546	1236	1482	1300	1444	1448	1280	1690	1294	1174	1186	1312	1468	1516	1684	1292	1722	1290	1436	1528	972	1310	1290	1510	1104	1256	1224	1284	1422
70	1178	1394	1554	1720	1454	1394	1892	1762	1618	1902	1622	1568	1492	1346	1544	1258	1506	1272	1492	1662	1302	1558	1398	1558	1584	1388	1812	1392	1316	1310	1434	1596	1566	1870	1398	1876	1388	1582	1700	1160	1418	1366	1674	1192	1348	1346	1394	1552
80	1244	1488	1656	1808	1510	1490	1988	1864	1712	1988	1706	1650	1544	1422	1626	1356	1576	1330	1554	1766	1378	1640	1450	1668	1684	1452	1908	1470	1372	1390	1512	1646	1638	1974	1454	1960	1488	1670	1806	1214	1494	1436	1784	1264	1424	1406	1450	1642
90	1294	1520	1710	1856	1570	1534	2074	1938	1788	2054	1762	1704	1580	1466	1664	1374	1636	1362	1622	1826	1422	1692	1496	1728	1734	1488	1946	1520	1402	1432	1558	1696	1686	2034	1496	2040	1550	1716	1860	1264	1532	1466	1850	1304	1460	1462	1494	1686
100	1302	1538	1750	1882	1610	1570	2128	1984	1830	2088	1806	1744	1610	1494	1688	1394	1654	1398	1654	1864	1438	1726	1538	1764	1766	1504	1978	1564	1422	1446	1582	1728	1698	2072	1520	2076	1582	1740	1888	1296	1560	1496	1884	1322	1470	1490	1516	1706
110	1308	1546	1760	1900	1628	1584	2138	2000	1850	2112	1830	1756	1618	1504	1708	1402	1666	1414	1660	1880	1448	1736	1544	1772	1776	1510	1988	1574	1438	1462	1606	1736	1712	2078	1546	2094	1588	1756	1894	1308	1570	1506	1912	1334	1472	1498	1524	1716
127	1308	1554	1764	1906	1630	1588	2146	2012	1852	2118	1832	1766	1618	1512	1712	1404	1668	1414	1666	1882	1450	1740	1544	1776	1782	1514	1992	1582	1442	1466	1612	1740	1714	2080	1554	2096	1590	1762	1894	1310	1570	1514	1918	1334	1472	1500	1530	1724








PESQ Raw MOS
Threshold	F1	F10	F11	F12	F13	F14	F15	F16	F17	F18	F19	F2	F20	F21	F22	F23	F24	F3	F4	F5	F6	F7	F8	F9	M1	M10	M11	M12	M13	M14	M15	M16	M17	M18	M19	M2	M20	M21	M22	M23	M24	M3	M4	M5	M6	M7	M8	M9
0	4.088	4.029	4.029	4.132	4.031	4.082	4.134	4.156	4.02	4.172	4.073	4.054	4.114	4.062	4.018	3.943	4.057	4.14	4.094	4.151	4.077	3.988	4.021	4.058	4.155	4.183	4.088	4.036	4.092	4.145	4.146	4.173	4.133	4.208	4.145	4.068	4.188	4.146	4.15	4.088	4.132	4.223	4.249	4.04	4.231	4.131	4.105	4.135
1	3.841	3.879	3.925	3.869	3.899	3.916	3.891	4.0	3.797	3.752	3.939	3.864	3.897	3.863	3.795	3.769	3.792	3.927	3.828	3.944	3.939	3.742	3.828	3.91	3.978	4.01	3.839	3.888	3.928	4.009	3.947	3.911	3.775	3.916	4.037	3.771	4.108	4.012	3.906	4.029	3.92	4.028	4.087	3.98	4.084	3.857	3.935	4.005
2	3.765	3.777	3.785	3.849	3.904	3.851	3.862	3.956	3.792	3.716	3.825	3.813	3.901	3.804	3.757	3.706	3.722	3.963	3.809	3.798	3.904	3.742	3.867	3.853	3.894	3.891	3.774	3.845	3.812	3.943	3.907	3.776	3.833	3.892	3.93	3.735	4.049	3.93	3.807	3.904	3.865	3.923	4.0	3.909	3.915	3.776	3.803	3.944
3	3.725	3.781	3.747	3.812	3.856	3.907	3.825	3.881	3.793	3.74	3.817	3.786	3.828	3.734	3.758	3.684	3.732	3.92	3.821	3.861	3.875	3.602	3.759	3.787	3.805	3.781	3.73	3.775	3.816	3.825	3.852	3.765	3.769	3.859	3.89	3.719	4.002	3.866	3.798	3.875	3.887	3.766	3.953	3.871	3.931	3.824	3.747	3.883
4	3.746	3.79	3.725	3.75	3.767	3.84	3.814	3.877	3.807	3.749	3.762	3.733	3.788	3.704	3.681	3.631	3.702	3.909	3.774	3.826	3.808	3.603	3.739	3.826	3.809	3.772	3.652	3.764	3.829	3.866	3.788	3.788	3.749	3.89	3.902	3.671	3.963	3.918	3.731	3.906	3.816	3.762	3.83	3.832	3.884	3.751	3.821	3.838
5	3.748	3.733	3.679	3.7	3.754	3.852	3.812	3.939	3.778	3.721	3.791	3.797	3.73	3.62	3.698	3.613	3.643	3.794	3.777	3.846	3.812	3.674	3.711	3.739	3.877	3.744	3.709	3.718	3.76	3.773	3.787	3.745	3.739	3.768	3.826	3.687	3.915	3.851	3.679	3.846	3.805	3.649	3.826	3.846	3.819	3.758	3.789	3.857
6	3.678	3.737	3.712	3.739	3.809	3.812	3.746	3.889	3.693	3.7	3.749	3.719	3.66	3.644	3.715	3.582	3.652	3.807	3.826	3.833	3.819	3.59	3.74	3.728	3.78	3.69	3.661	3.725	3.735	3.696	3.755	3.662	3.721	3.778	3.818	3.712	3.824	3.836	3.688	3.85	3.74	3.666	3.91	3.799	3.82	3.747	3.775	3.801
7	3.674	3.795	3.751	3.745	3.743	3.848	3.73	3.929	3.776	3.721	3.835	3.702	3.643	3.622	3.602	3.603	3.62	3.853	3.77	3.816	3.81	3.69	3.66	3.743	3.698	3.76	3.706	3.7	3.802	3.742	3.76	3.668	3.669	3.772	3.743	3.668	3.857	3.788	3.681	3.896	3.728	3.699	3.791	3.732	3.834	3.748	3.755	3.802
8	3.684	3.759	3.705	3.722	3.808	3.833	3.672	3.867	3.686	3.682	3.769	3.753	3.65	3.579	3.62	3.604	3.567	3.701	3.681	3.781	3.764	3.548	3.619	3.753	3.712	3.711	3.7	3.63	3.661	3.715	3.769	3.682	3.699	3.721	3.663	3.623	3.751	3.776	3.586	3.82	3.674	3.703	3.798	3.732	3.75	3.598	3.707	3.759
9	3.673	3.659	3.687	3.675	3.783	3.777	3.714	3.85	3.711	3.747	3.777	3.736	3.643	3.583	3.616	3.683	3.608	3.738	3.729	3.781	3.757	3.541	3.73	3.693	3.643	3.676	3.639	3.67	3.731	3.763	3.738	3.713	3.682	3.755	3.665	3.64	3.72	3.763	3.561	3.842	3.724	3.644	3.739	3.735	3.77	3.572	3.777	3.733
10	3.614	3.66	3.701	3.75	3.779	3.747	3.717	3.796	3.511	3.658	3.803	3.776	3.585	3.533	3.531	3.588	3.551	3.708	3.826	3.791	3.785	3.571	3.599	3.679	3.731	3.756	3.604	3.679	3.699	3.61	3.698	3.627	3.665	3.71	3.664	3.674	3.741	3.711	3.59	3.722	3.613	3.59	3.77	3.698	3.764	3.537	3.801	3.732
15	3.291	3.393	3.487	3.65	3.466	3.588	3.501	3.569	3.336	3.583	3.462	3.498	3.333	3.536	3.386	3.359	3.559	3.485	3.539	3.577	3.613	3.45	3.338	3.506	3.608	3.534	3.651	3.653	3.688	3.603	3.551	3.523	3.586	3.661	3.637	3.673	3.712	3.685	3.549	3.674	3.524	3.618	3.686	3.623	3.628	3.584	3.702	3.68
20	3.138	3.319	3.403	3.604	3.332	3.559	3.533	3.449	3.164	3.449	3.41	3.378	3.422	3.419	3.316	3.222	3.377	3.48	3.532	3.489	3.415	3.385	3.344	3.449	3.648	3.55	3.53	3.566	3.604	3.619	3.544	3.637	3.435	3.583	3.473	3.572	3.552	3.62	3.462	3.646	3.613	3.517	3.64	3.583	3.707	3.645	3.685	3.53
25	2.984	2.892	3.312	3.501	2.976	3.198	3.511	3.458	2.866	3.361	3.27	3.052	3.142	3.381	2.988	2.611	3.228	3.214	3.243	3.385	3.366	3.319	2.938	3.331	3.492	3.388	3.444	3.475	3.348	3.437	3.497	3.476	3.503	3.557	3.516	3.491	3.496	3.519	3.406	3.518	3.49	3.592	3.583	3.498	3.603	3.565	3.566	3.529
30	2.78	2.642	3.148	3.438	2.79	2.94	3.056	2.993	2.762	3.235	3.02	2.853	2.92	3.313	2.823	2.552	3.108	2.797	3.126	3.065	3.066	3.124	2.717	3.012	3.447	3.381	3.389	3.401	3.376	3.463	3.485	3.434	3.306	3.578	3.452	3.403	3.451	3.482	3.32	3.466	3.431	3.485	3.578	3.514	3.555	3.478	3.422	3.458
35	2.762	2.67	3.006	3.166	2.766	2.802	2.834	2.918	2.762	3.085	2.939	2.798	2.826	3.177	2.782	2.551	2.939	2.868	2.946	2.914	2.951	2.991	2.696	3.039	3.509	3.34	3.321	3.39	3.272	3.373	3.344	3.246	3.166	3.521	3.412	3.204	3.49	3.432	3.32	3.436	3.434	3.472	3.545	3.407	3.574	3.446	3.47	3.411
40	2.757	2.596	2.994	3.13	2.731	2.88	2.868	2.956	2.736	3.053	2.842	2.862	2.786	3.07	2.741	2.489	2.889	2.846	2.888	2.904	2.915	2.974	2.747	2.962	3.403	3.351	3.096	3.34	3.142	3.401	3.265	3.359	3.067	3.374	3.364	3.197	3.423	3.277	3.309	3.355	3.34	3.401	3.451	3.336	3.454	3.237	3.422	3.45
45	2.687	2.6	2.91	3.162	2.741	2.799	2.866	2.848	2.709	3.103	2.865	2.797	2.751	2.956	2.682	2.498	2.912	2.747	2.827	2.85	2.836	2.92	2.657	2.986	3.287	3.23	3.181	3.284	3.131	3.205	3.14	3.208	2.99	3.302	3.294	3.166	3.422	3.174	3.254	3.191	3.299	3.285	3.308	3.296	3.353	3.171	3.346	3.381
50	2.722	2.504	2.986	3.041	2.695	2.811	2.81	2.892	2.49	3.008	2.825	2.744	2.735	2.95	2.755	2.445	2.932	2.78	2.885	2.841	2.906	2.86	2.608	2.87	3.266	3.212	3.082	3.282	3.037	3.165	3.116	3.18	2.988	3.21	3.275	3.172	3.391	3.116	3.257	3.144	3.303	3.263	3.299	3.281	3.289	3.248	3.324	3.296
60	2.718	2.474	2.79	3.098	2.619	2.659	2.799	2.836	2.446	3.002	2.76	2.714	2.768	2.933	2.619	2.491	2.89	2.645	2.846	2.882	2.766	2.778	2.517	2.871	3.221	3.222	3.047	3.266	2.961	3.215	3.246	3.152	2.988	3.224	3.268	3.102	3.357	3.104	3.161	3.183	3.287	3.368	3.258	3.241	3.196	3.155	3.218	3.306
70	2.613	2.493	2.824	3.069	2.588	2.681	2.664	2.793	2.508	3.053	2.708	2.55	2.715	2.961	2.693	2.422	2.838	2.576	2.772	2.782	2.749	2.847	2.592	2.841	3.218	3.132	3.064	3.204	2.943	3.162	3.199	3.182	3.004	3.191	3.224	3.095	3.229	3.097	3.105	3.065	3.23	3.229	3.222	3.155	3.201	3.105	3.223	3.188
80	2.636	2.483	2.811	3.023	2.569	2.73	2.754	2.742	2.476	3.019	2.758	2.563	2.693	2.851	2.62	2.413	2.874	2.608	2.808	2.797	2.781	2.785	2.588	2.785	3.231	3.134	3.11	3.271	2.99	3.108	3.101	3.14	3.055	3.179	3.233	3.101	3.205	3.062	3.178	3.114	3.285	3.282	3.242	3.235	3.26	3.178	3.281	3.237
90	2.544	2.472	2.789	3.049	2.563	2.639	2.687	2.709	2.495	2.969	2.774	2.611	2.685	2.885	2.608	2.402	2.853	2.562	2.84	2.823	2.76	2.769	2.546	2.807	3.288	3.118	3.012	3.167	2.994	3.066	3.176	3.1	2.923	3.145	3.23	3.079	3.328	3.107	3.16	3.049	3.32	3.182	3.147	3.225	3.211	3.194	3.319	3.209
100	2.505	2.459	2.73	2.95	2.543	2.658	2.717	2.665	2.507	3.002	2.673	2.563	2.713	2.822	2.642	2.443	2.875	2.619	2.852	2.792	2.799	2.772	2.62	2.837	3.186	3.14	3.085	3.187	3.001	3.079	3.068	3.14	3.096	3.168	3.192	3.063	3.266	3.074	3.148	3.15	3.303	3.231	3.191	3.231	3.211	3.141	3.23	3.276
110	2.536	2.524	2.786	2.975	2.548	2.661	2.719	2.738	2.565	2.958	2.706	2.579	2.684	2.814	2.659	2.397	2.869	2.592	2.788	2.824	2.775	2.841	2.576	2.77	3.195	3.126	3.07	3.221	2.969	3.045	3.096	3.061	3.001	3.237	3.177	3.04	3.208	3.07	3.036	3.1	3.249	3.252	3.248	3.175	3.253	3.184	3.26	3.159
127	2.579	2.397	2.781	3.028	2.485	2.565	2.695	2.731	2.518	3.033	2.691	2.583	2.65	2.845	2.695	2.447	2.825	2.573	2.729	2.824	2.801	2.811	2.576	2.738	3.157	3.171	3.124	3.155	2.975	3.098	3.13	3.08	2.987	3.219	3.276	3.071	3.202	3.092	3.129	3.034	3.206	3.259	3.205	3.182	3.253	3.108	3.307	3.267




PESQ MOS LQO
Threshold	F1	F10	F11	F12	F13	F14	F15	F16	F17	F18	F19	F2	F20	F21	F22	F23	F24	F3	F4	F5	F6	F7	F8	F9	M1	M10	M11	M12	M13	M14	M15	M16	M17	M18	M19	M2	M20	M21	M22	M23	M24	M3	M4	M5	M6	M7	M8	M9
0	4.238	4.182	4.182	4.278	4.185	4.232	4.28	4.299	4.174	4.312	4.225	4.206	4.262	4.214	4.172	4.095	4.209	4.285	4.244	4.295	4.228	4.141	4.175	4.21	4.298	4.322	4.239	4.189	4.242	4.29	4.29	4.313	4.279	4.343	4.289	4.22	4.326	4.29	4.293	4.238	4.278	4.355	4.376	4.193	4.361	4.277	4.254	4.281
1	3.984	4.028	4.077	4.017	4.049	4.068	4.04	4.154	3.934	3.881	4.091	4.011	4.047	4.009	3.931	3.901	3.928	4.079	3.97	4.097	4.092	3.868	3.97	4.061	4.132	4.164	3.983	4.037	4.08	4.163	4.1	4.062	3.908	4.067	4.19	3.904	4.257	4.165	4.057	4.183	4.072	4.182	4.237	4.133	4.234	4.003	4.087	4.159
2	3.897	3.911	3.92	3.994	4.054	3.996	4.008	4.11	3.928	3.837	3.966	3.953	4.051	3.942	3.886	3.824	3.845	4.116	3.949	3.936	4.054	3.868	4.014	3.998	4.044	4.04	3.907	3.99	3.951	4.095	4.058	3.909	3.976	4.042	4.082	3.861	4.202	4.082	3.946	4.054	4.011	4.075	4.154	4.06	4.066	3.909	3.941	4.097
3	3.848	3.916	3.875	3.951	4.002	4.058	3.967	4.03	3.929	3.866	3.958	3.921	3.97	3.859	3.887	3.797	3.856	4.072	3.962	4.007	4.023	3.692	3.889	3.922	3.943	3.915	3.854	3.908	3.956	3.967	3.997	3.896	3.901	4.005	4.039	3.841	4.155	4.013	3.935	4.022	4.036	3.898	4.106	4.019	4.083	3.966	3.875	4.031
4	3.874	3.926	3.848	3.878	3.899	3.984	3.954	4.025	3.946	3.877	3.893	3.857	3.923	3.823	3.793	3.73	3.819	4.059	3.907	3.968	3.947	3.693	3.864	3.967	3.949	3.904	3.757	3.895	3.971	4.013	3.924	3.923	3.878	4.039	4.052	3.781	4.116	4.069	3.855	4.056	3.956	3.892	3.972	3.975	4.033	3.88	3.962	3.982
5	3.876	3.858	3.79	3.817	3.883	3.997	3.951	4.091	3.912	3.844	3.928	3.934	3.854	3.715	3.815	3.706	3.744	3.931	3.911	3.99	3.951	3.785	3.83	3.865	4.025	3.872	3.829	3.84	3.89	3.906	3.923	3.872	3.865	3.9	3.967	3.801	4.067	3.996	3.79	3.991	3.943	3.753	3.968	3.99	3.959	3.887	3.925	4.003
6	3.79	3.863	3.832	3.865	3.948	3.952	3.873	4.038	3.808	3.817	3.877	3.841	3.766	3.747	3.836	3.666	3.757	3.946	3.968	3.976	3.96	3.676	3.867	3.852	3.914	3.804	3.769	3.848	3.86	3.812	3.885	3.77	3.843	3.912	3.958	3.832	3.966	3.979	3.802	3.994	3.866	3.775	4.06	3.936	3.961	3.875	3.908	3.939
7	3.785	3.932	3.88	3.873	3.87	3.993	3.854	4.081	3.909	3.843	3.978	3.82	3.745	3.717	3.692	3.693	3.715	3.998	3.902	3.956	3.949	3.805	3.767	3.87	3.815	3.891	3.825	3.817	3.94	3.869	3.891	3.777	3.778	3.905	3.869	3.777	4.003	3.924	3.793	4.046	3.851	3.816	3.927	3.856	3.977	3.876	3.885	3.94
8	3.798	3.89	3.824	3.844	3.947	3.976	3.782	4.014	3.799	3.795	3.901	3.881	3.753	3.661	3.715	3.695	3.645	3.818	3.794	3.915	3.896	3.62	3.714	3.882	3.832	3.831	3.817	3.728	3.768	3.836	3.901	3.794	3.816	3.843	3.77	3.719	3.88	3.91	3.671	3.96	3.784	3.82	3.935	3.856	3.879	3.687	3.826	3.889
9	3.783	3.766	3.801	3.786	3.918	3.91	3.835	3.995	3.83	3.874	3.91	3.862	3.745	3.666	3.71	3.796	3.7	3.864	3.853	3.915	3.887	3.61	3.854	3.809	3.745	3.786	3.74	3.779	3.855	3.894	3.863	3.833	3.795	3.884	3.773	3.741	3.842	3.894	3.637	3.985	3.847	3.747	3.865	3.86	3.902	3.652	3.911	3.857
10	3.708	3.767	3.818	3.878	3.913	3.875	3.839	3.932	3.57	3.764	3.941	3.909	3.669	3.599	3.597	3.673	3.623	3.828	3.968	3.927	3.92	3.651	3.688	3.79	3.855	3.885	3.694	3.791	3.816	3.702	3.814	3.724	3.773	3.83	3.772	3.784	3.868	3.831	3.676	3.844	3.705	3.676	3.903	3.815	3.895	3.605	3.938	3.857
15	3.255	3.403	3.536	3.754	3.507	3.673	3.555	3.648	3.321	3.666	3.501	3.552	3.317	3.603	3.393	3.355	3.634	3.534	3.608	3.659	3.706	3.485	3.324	3.562	3.699	3.601	3.755	3.758	3.803	3.693	3.624	3.585	3.67	3.768	3.737	3.784	3.832	3.798	3.62	3.785	3.587	3.712	3.8	3.72	3.725	3.668	3.819	3.793
20	3.028	3.296	3.418	3.695	3.315	3.634	3.599	3.483	3.068	3.483	3.427	3.382	3.445	3.44	3.292	3.154	3.38	3.526	3.598	3.538	3.435	3.392	3.333	3.483	3.751	3.622	3.595	3.644	3.694	3.714	3.615	3.738	3.464	3.667	3.516	3.652	3.625	3.716	3.502	3.748	3.706	3.578	3.742	3.667	3.826	3.748	3.799	3.595
25	2.799	2.664	3.286	3.556	2.786	3.118	3.57	3.495	2.626	3.357	3.224	2.9	3.035	3.387	2.804	2.275	3.163	3.141	3.184	3.392	3.364	3.297	2.731	3.314	3.543	3.396	3.476	3.519	3.338	3.467	3.55	3.52	3.558	3.631	3.575	3.542	3.548	3.581	3.422	3.579	3.54	3.679	3.667	3.551	3.693	3.642	3.643	3.594
30	2.503	2.316	3.044	3.467	2.517	2.733	2.906	2.813	2.479	3.172	2.853	2.607	2.705	3.288	2.564	2.199	2.983	2.528	3.009	2.92	2.921	3.008	2.417	2.84	3.48	3.387	3.398	3.415	3.379	3.502	3.533	3.462	3.278	3.66	3.487	3.418	3.485	3.529	3.298	3.506	3.457	3.534	3.66	3.573	3.629	3.524	3.445	3.496
35	2.479	2.352	2.831	3.07	2.485	2.534	2.58	2.702	2.478	2.948	2.732	2.529	2.569	3.087	2.506	2.198	2.733	2.628	2.743	2.696	2.749	2.809	2.388	2.88	3.566	3.326	3.299	3.399	3.228	3.374	3.333	3.188	3.07	3.583	3.43	3.127	3.54	3.459	3.297	3.464	3.461	3.516	3.615	3.424	3.654	3.479	3.512	3.43
40	2.471	2.255	2.814	3.016	2.436	2.647	2.63	2.757	2.443	2.9	2.592	2.62	2.513	2.927	2.449	2.122	2.659	2.598	2.658	2.681	2.697	2.784	2.457	2.765	3.417	3.343	2.965	3.327	3.034	3.415	3.217	3.355	2.922	3.377	3.362	3.116	3.446	3.234	3.281	3.349	3.327	3.414	3.485	3.32	3.491	3.176	3.445	3.485
45	2.376	2.261	2.69	3.065	2.45	2.531	2.626	2.6	2.405	2.975	2.624	2.527	2.463	2.758	2.369	2.133	2.692	2.457	2.569	2.604	2.583	2.705	2.335	2.802	3.249	3.165	3.092	3.245	3.018	3.129	3.03	3.132	2.808	3.271	3.26	3.07	3.445	3.082	3.201	3.107	3.267	3.246	3.28	3.263	3.347	3.077	3.335	3.386
50	2.423	2.14	2.801	2.884	2.386	2.548	2.547	2.664	2.124	2.834	2.568	2.453	2.441	2.749	2.469	2.069	2.722	2.503	2.653	2.59	2.684	2.617	2.271	2.632	3.218	3.139	2.944	3.243	2.878	3.069	2.995	3.091	2.805	3.135	3.232	3.079	3.4	2.995	3.205	3.038	3.273	3.213	3.266	3.241	3.252	3.192	3.303	3.262
60	2.417	2.104	2.518	2.968	2.285	2.338	2.53	2.583	2.07	2.826	2.475	2.412	2.486	2.724	2.285	2.124	2.661	2.319	2.598	2.649	2.484	2.501	2.156	2.634	3.151	3.153	2.893	3.218	2.764	3.143	3.189	3.049	2.804	3.156	3.222	2.974	3.352	2.977	3.063	3.096	3.25	3.368	3.207	3.181	3.115	3.054	3.147	3.277
70	2.277	2.126	2.566	2.925	2.246	2.367	2.345	2.522	2.145	2.901	2.404	2.197	2.413	2.765	2.383	2.043	2.586	2.23	2.492	2.506	2.46	2.599	2.251	2.589	3.147	3.018	2.918	3.126	2.738	3.063	3.118	3.094	2.828	3.107	3.156	2.964	3.163	2.966	2.979	2.919	3.165	3.164	3.153	3.053	3.122	2.979	3.155	3.103
80	2.308	2.115	2.548	2.857	2.221	2.434	2.468	2.45	2.106	2.851	2.473	2.214	2.384	2.604	2.287	2.032	2.638	2.271	2.542	2.528	2.505	2.51	2.245	2.51	3.166	3.023	2.987	3.226	2.807	2.983	2.973	3.032	2.904	3.09	3.17	2.972	3.128	2.914	3.088	2.992	3.246	3.242	3.183	3.173	3.21	3.087	3.241	3.176
90	2.189	2.101	2.517	2.895	2.213	2.312	2.376	2.405	2.129	2.776	2.495	2.274	2.372	2.654	2.272	2.02	2.607	2.212	2.589	2.564	2.476	2.489	2.192	2.542	3.25	2.998	2.84	3.071	2.813	2.921	3.085	2.971	2.709	3.038	3.166	2.939	3.309	2.981	3.062	2.895	3.298	3.093	3.041	3.158	3.137	3.111	3.296	3.134
100	2.141	2.086	2.435	2.748	2.189	2.337	2.416	2.346	2.143	2.826	2.356	2.213	2.411	2.562	2.315	2.067	2.639	2.285	2.605	2.52	2.53	2.492	2.286	2.584	3.099	3.031	2.948	3.102	2.823	2.94	2.923	3.031	2.965	3.072	3.108	2.916	3.218	2.933	3.043	3.046	3.273	3.167	3.107	3.166	3.137	3.033	3.165	3.233
110	2.179	2.164	2.511	2.785	2.194	2.341	2.419	2.446	2.216	2.76	2.401	2.233	2.372	2.552	2.338	2.014	2.63	2.25	2.514	2.565	2.497	2.59	2.23	2.489	3.113	3.01	2.927	3.152	2.777	2.89	2.966	2.913	2.824	3.176	3.086	2.882	3.132	2.926	2.875	2.971	3.194	3.198	3.191	3.083	3.2	3.096	3.21	3.059
127	2.234	2.014	2.505	2.863	2.116	2.216	2.386	2.436	2.157	2.871	2.381	2.238	2.326	2.596	2.386	2.072	2.567	2.227	2.433	2.566	2.534	2.547	2.23	2.445	3.056	3.078	3.008	3.053	2.786	2.968	3.016	2.941	2.802	3.149	3.233	2.928	3.124	2.959	3.014	2.873	3.129	3.208	3.129	3.093	3.2	2.984	3.278	3.22
